0    549
1    342
0.38383838383

Sex  Survived
female  1.0         233
		0.0          81
male    0.0         468
		1.0         109
female  0.742038
male    0.188908

Pclass  Survived
1       1.0         136
        0.0          80
2       0.0          97
        1.0          87
3       0.0         372
        1.0         119
1    0.629630
2    0.472826
3    0.242363

Embarked  Survived
C         1.0          93
          0.0          75
Q         0.0          47
          1.0          30
S         0.0         427
          1.0         217
C    0.553571
Q    0.389610
S    0.336957

SibSp  Survived
0      0.0         398
       1.0         210
1      1.0         112
       0.0          97
2      0.0          15
       1.0          13
3      0.0          12
       1.0           4
4      0.0          15
       1.0           3
5      0.0           5
8      0.0           7
0    0.345395
1    0.535885
2    0.464286
3    0.250000
4    0.166667
5    0.000000
8    0.000000

Parch  Survived
0      0.0         445
       1.0         233
1      1.0          65
       0.0          53
2      0.0          40
       1.0          40
3      1.0           3
       0.0           2
4      0.0           4
5      0.0           4
       1.0           1
6      0.0           1
0    0.343658
1    0.550847
2    0.500000
3    0.600000
4    0.000000
5    0.200000
6    0.000000



Weight	Feature
0.2224 ± 0.0406	Sex
0.0478 ± 0.0104	Family_Size
0.0267 ± 0.0117	FareBin_Code
0.0249 ± 0.0059	Pclass
0.0200 ± 0.0127	AgeBin_Code
0.0110 ± 0.0022	Family_Survival